   71   0.549476
   107   0.511602
   143   0.498609
   179   0.534957
   215   0.577672
   251   0.622876
   287   0.626498
   323   0.470922
   359   0.542306
   395   0.517614
   431   0.510223
   467   0.595388
   503   0.525597
   539   0.584016
   575   0.558201
   611   0.454917
   647   0.483677
   683   0.456387
   719   0.526233
   755   0.545158
   791   0.446472
   827   0.517988
   863   0.563845
   899   0.501567
   935   0.537072
   971   0.545765
   1007   0.505479
   1043   0.518219
   1079   0.505953
   1115   0.47344
   1151   0.538014
   1187   0.409578
   1223   0.530218
   1259   0.528886
   1295   0.503682
   1331   0.591935
   1367   0.519935
   1403   0.592048
   1439   0.53569
   1475   0.521664
   1511   0.557375
   1547   0.48474
   1583   0.500522
   1619   0.583005
   1655   0.525268
   1691   0.577853
   1727   0.545294
   1763   0.533523
   1799   0.517451
   1835   0.627278
   1871   0.556153
   1907   0.497763
   1943   0.542479
   1979   0.597409
   2015   0.525218
   2051   0.565221
   2087   0.597143
   2123   0.486787
   2159   0.570553
   2195   0.490048
   2231   0.558497
   2267   0.502608
   2303   0.527439
   2339   0.484463
   2375   0.47779
   2411   0.583052
   2447   0.541545
   2483   0.545262
   2519   0.475595
   2555   0.592109
   2591   0.602075
   2627   0.520632
   2663   0.458862
   2699   0.587523
   2735   0.582307
   2771   0.549008
   2807   0.470063
   2843   0.47063
   2879   0.566989
   2915   0.550707
   2951   0.485201
   2987   0.581951
   3023   0.582053
   3059   0.619666
   3095   0.54971
   3131   0.523762
   3167   0.579304
   3203   0.630987
   3239   0.491735
   3275   0.427527
   3311   0.602684
   3347   0.48814
   3383   0.535966
   3419   0.533776
   3455   0.435924
   3491   0.511093
   3527   0.616036
   3563   0.470644
   3599   0.480063
   3635   0.511968
   3671   0.629482
   3707   0.610646
   3743   0.509302
   3779   0.574541
   3815   0.493233
   3851   0.553375
   3887   0.510565
   3923   0.500258
   3959   0.559905
   3995   0.644591
   4031   0.509937
   4067   0.572064
   4103   0.5916
   4139   0.619885
   4175   0.595305
   4211   0.53483
   4247   0.528648
   4283   0.551494
   4319   0.535972
   4355   0.547231
   4391   0.489132
   4427   0.571564
   4463   0.575451
   4499   0.535482
   4535   0.481189
   4571   0.569836
   4607   0.558898
   4643   0.522621
   4679   0.625354
   4715   0.536139
   4751   0.539244
   4787   0.571778
   4823   0.535984
   4859   0.566415
   4895   0.537584
   4931   0.636515
   4967   0.580989
   5003   0.575094
   5039   0.61748
   5075   0.601142
   5111   0.577725
   5147   0.607694
   5183   0.532635
   5219   0.569131
   5255   0.562731
   5291   0.556943
   5327   0.526242
   5363   0.58228
   5399   0.512405
   5435   0.50078
   5471   0.591607
   5507   0.494048
