   71   0.549476
   107   0.511602
   143   0.498609
   179   0.534957
   215   0.577672
   251   0.622876
   287   0.626498
   323   0.470922
   359   0.542306
   395   0.517614
   431   0.510223
   467   0.595388
   503   0.525597
   539   0.584016
   575   0.558201
   611   0.454917
   647   0.483677
   683   0.456387
   719   0.532854
   755   0.545158
   791   0.521078
   827   0.529409
   863   0.499698
   899   0.590589
   935   0.543163
   971   0.620938
   1007   0.564756
   1043   0.538186
   1079   0.482437
   1115   0.555759
   1151   0.485373
   1187   0.548181
   1223   0.505773
   1259   0.503639
   1295   0.551922
   1331   0.507443
   1367   0.544258
   1403   0.49032
   1439   0.471271
   1475   0.506746
   1511   0.54149
   1547   0.47731
   1583   0.553819
   1619   0.610331
   1655   0.571424
   1691   0.532654
   1727   0.60944
   1763   0.608026
   1799   0.54367
   1835   0.638405
   1871   0.522425
   1907   0.630116
   1943   0.608472
   1979   0.598458
   2015   0.567744
   2051   0.484567
   2087   0.53307
   2123   0.441782
   2159   0.520735
   2195   0.552312
   2231   0.589248
   2267   0.642695
   2303   0.585524
   2339   0.565123
   2375   0.568197
   2411   0.554797
   2447   0.6029
   2483   0.471546
   2519   0.598941
   2555   0.535395
   2591   0.558707
   2627   0.529721
   2663   0.607347
   2699   0.557594
   2735   0.52269
   2771   0.577242
   2807   0.503327
   2843   0.549966
   2879   0.607374
   2915   0.562458
   2951   0.553293
   2987   0.523781
   3023   0.639961
   3059   0.648535
   3095   0.544844
   3131   0.564883
   3167   0.639283
   3203   0.642494
   3239   0.566774
   3275   0.661521
   3311   0.720984
   3347   0.642092
   3383   0.72222
   3419   0.724991
   3455   0.711566
   3491   0.752088
   3527   0.769173
   3563   0.766964
   3599   0.771412
   3635   0.804581
   3671   0.803984
   3707   0.805566
   3743   0.791348
   3779   0.81025
   3815   0.815312
   3851   0.814489
   3887   0.811218
   3923   0.822866
   3959   0.768525
   3995   0.7957
   4031   0.804215
   4067   0.786264
   4103   0.784009
   4139   0.77158
   4175   0.812462
   4211   0.829459
   4247   0.816198
   4283   0.81913
   4319   0.788081
   4355   0.821513
   4391   0.789021
   4427   0.799507
   4463   0.802616
   4499   0.829911
   4535   0.807313
   4571   0.78759
   4607   0.787499
   4643   0.78278
   4679   0.792532
   4715   0.789195
   4751   0.777931
   4787   0.811477
   4823   0.822719
   4859   0.755969
   4895   0.76823
   4931   0.797573
   4967   0.820355
   5003   0.832672
   5039   0.798568
   5075   0.806276
   5111   0.815961
   5147   0.818208
   5183   0.770942
   5219   0.758474
   5255   0.778989
   5291   0.830542
   5327   0.810444
   5363   0.825641
   5399   0.827378
   5435   0.82087
   5471   0.820812
   5507   0.825605
