   71   0.549476
   107   0.511602
   143   0.498609
   179   0.534957
   215   0.577672
   251   0.62646
   287   0.626498
   323   0.470922
   359   0.555296
   395   0.576494
   431   0.50812
   467   0.559548
   503   0.535822
   539   0.558356
   575   0.574202
   611   0.551495
   647   0.465208
   683   0.515967
   719   0.489686
   755   0.526263
   791   0.571573
   827   0.514094
   863   0.568711
   899   0.681678
   935   0.767104
   971   0.457111
   1007   0.562274
   1043   0.56079
   1079   0.5171
   1115   0.546479
   1151   0.540613
   1187   0.599671
   1223   0.566073
   1259   0.566267
   1295   0.51097
   1331   0.547131
   1367   0.520876
   1403   0.499934
   1439   0.541561
   1475   0.508395
   1511   0.484619
   1547   0.520284
   1583   0.498696
   1619   0.423344
   1655   0.406664
   1691   0.420486
   1727   0.368618
   1763   0.458703
   1799   0.395974
   1835   0.421166
   1871   0.492399
   1907   0.452812
   1943   0.400619
   1979   0.445291
   2015   0.333526
   2051   0.453705
   2087   0.266078
   2123   0.501266
   2159   0.359301
   2195   0.381852
   2231   0.33134
   2267   0.341648
   2303   0.355548
   2339   0.501196
   2375   0.378162
   2411   0.35865
   2447   0.359705
   2483   0.351544
   2519   0.359901
   2555   0.321534
   2591   0.320874
   2627   0.208663
   2663   0.211732
   2699   0.301201
   2735   0.353542
   2771   0.322959
   2807   0.381331
   2843   0.274317
   2879   0.282639
   2915   0.281537
   2951   0.322756
   2987   0.197333
   3023   0.231225
   3059   0.226671
   3095   0.236965
   3131   0.231419
   3167   0.263969
   3203   0.221494
   3239   0.223096
   3275   0.190641
   3311   0.233525
   3347   0.136656
   3383   0.279615
   3419   0.203465
   3455   0.235288
   3491   0.229616
   3527   0.182636
   3563   0.167567
   3599   0.236488
   3635   0.177718
   3671   0.272746
   3707   0.223971
   3743   0.280532
   3779   0.204582
   3815   0.207977
   3851   0.143819
   3887   0.141899
   3923   0.255567
   3959   0.108646
   3995   0.149826
   4031   0.20759
   4067   0.217632
   4103   0.293299
   4139   0.261738
   4175   0.19429
   4211   0.220859
   4247   0.239505
   4283   0.19596
   4319   0.210391
   4355   0.136657
   4391   0.156175
   4427   0.15987
   4463   0.175239
   4499   0.109643
   4535   0.190517
   4571   0.109578
   4607   0.125727
   4643   0.217137
   4679   0.135781
   4715   0.194835
   4751   0.161651
   4787   0.155275
   4823   0.183693
   4859   0.210633
   4895   0.228692
   4931   0.157238
   4967   0.146428
   5003   0.142567
   5039   0.142502
   5075   0.176452
   5111   0.203843
   5147   0.146508
   5183   0.0968031
   5219   0.215526
   5255   0.153031
   5291   0.214256
   5327   0.120976
   5363   0.212537
   5399   0.130418
   5435   0.178519
   5471   0.124217
   5507   0.133915
