1
2
3
4
   107   0.3944
   215   0.68404
   323   0.593651
   431   0.556492
   539   0.540692
   647   0.554795
   755   0.57995
   863   0.509968
   971   0.503859
   1079   0.553792
   1187   0.568817
   1295   0.542636
   1403   0.547147
   1511   0.573257
   1619   0.583698
   1727   0.528379
   1835   0.557254
   1943   0.526708
   2051   0.56246
   2159   0.564826
   2267   0.591623
   2375   0.557792
   2483   0.556225
   2591   0.563126
   2699   0.582795
   2807   0.550968
   2915   0.567842
   3023   0.570492
   3131   0.534217
   3239   0.521809
   3347   0.553342
   3455   0.553124
   3563   0.614905
   3671   0.584613
   3779   0.568503
   3887   0.538658
   3995   0.553378
   4103   0.562484
   4211   0.589992
   4319   0.515308
   4427   0.522057
   4535   0.518774
   4643   0.516196
   4751   0.540401
   4859   0.591622
   4967   0.502365
   5075   0.555561
   5183   0.54452
   5291   0.538048
   5399   0.527237
   5507   0.606377
   5615   0.533155
   5723   0.4851
   5831   0.582035
   5939   0.638113
   6047   0.561381
   6155   0.579045
   6263   0.576914
   6371   0.536599
   6479   0.539863
   6587   0.557031
   6695   0.53604
   6803   0.585097
   6911   0.591291
   7019   0.549982
   7127   0.521589
   7235   0.563871
   7343   0.50148
   7451   0.506581
   7559   0.614732
   7667   0.551232
   7775   0.575568
   7883   0.552244
   7991   0.539768
   8099   0.563119
   8207   0.547796
   8315   0.540289
   8423   0.57669
   8531   0.536828
   8639   0.582234
   8747   0.571381
   8855   0.567042
   8963   0.621813
   9071   0.544987
   9179   0.540155
   9287   0.495114
   9395   0.53381
   9503   0.601016
   9611   0.651917
   9719   0.591659
   9827   0.573614
   9935   0.57587
   10043   0.582682
   10151   0.579813
   10259   0.560093
   10367   0.542781
   10475   0.560155
   10583   0.55492
   10691   0.567407
   10799   0.530359
   10907   0.573149
   11015   0.517486
   11123   0.600184
   11231   0.574339
   11339   0.617381
   11447   0.596077
   11555   0.575769
   11663   0.550057
   11771   0.526215
   11879   0.542682
   11987   0.517221
   12095   0.49196
   12203   0.538826
   12311   0.52129
   12419   0.51827
   12527   0.560535
   12635   0.528023
   12743   0.593871
   12851   0.56772
   12959   0.52712
   13067   0.56404
   13175   0.609237
   13283   0.58582
   13391   0.594413
   13499   0.610764
   13607   0.583134
   13715   0.561903
   13823   0.583396
   13931   0.571989
   14039   0.590825
   14147   0.568802
   14255   0.55357
   14363   0.538749
   14471   0.535894
   14579   0.548255
   14687   0.590592
   14795   0.552538
   14903   0.564544
   15011   0.573516
   15119   0.645141
   15227   0.544736
   15335   0.576512
   15443   0.601847
   15551   0.571231
   15659   0.574272
   15767   0.529317
   15875   0.553188
   15983   0.559611
   16091   0.552091
   16199   0.5444
   16307   0.499057
   16415   0.540157
   16523   0.562355
   16631   0.581663
   16739   0.606495
   16847   0.578679
   16955   0.596736
   17063   0.587835
   17171   0.536814
   17279   0.529311
   17387   0.555725
   17495   0.583822
   17603   0.566981
   17711   0.63156
