1
2
3
4
   107   0.3944
   215   0.68404
   323   0.593651
   431   0.556492
   539   0.540692
   647   0.554795
   755   0.57995
   863   0.509968
   971   0.503859
   1079   0.553792
   1187   0.568817
   1295   0.542636
   1403   0.547147
   1511   0.573257
   1619   0.583698
   1727   0.528379
   1835   0.557254
   1943   0.527135
   2051   0.565487
   2159   0.565659
   2267   0.591229
   2375   0.557441
   2483   0.555534
   2591   0.563397
   2699   0.557983
   2807   0.519619
   2915   0.501861
   3023   0.500969
   3131   0.532333
   3239   0.535557
   3347   0.575108
   3455   0.545134
   3563   0.575046
   3671   0.587188
   3779   0.594975
   3887   0.625336
   3995   0.611379
   4103   0.550898
   4211   0.561091
   4319   0.580765
   4427   0.571181
   4535   0.604474
   4643   0.567715
   4751   0.531768
   4859   0.536808
   4967   0.579602
   5075   0.567298
   5183   0.534037
   5291   0.592299
   5399   0.538603
   5507   0.564488
   5615   0.604475
   5723   0.53391
   5831   0.547337
   5939   0.543378
   6047   0.543518
   6155   0.578679
   6263   0.587881
   6371   0.527679
   6479   0.60164
   6587   0.59041
   6695   0.579634
   6803   0.596621
   6911   0.53701
   7019   0.572436
   7127   0.555381
   7235   0.593986
   7343   0.584118
   7451   0.576902
   7559   0.522755
   7667   0.535348
   7775   0.604771
   7883   0.584632
   7991   0.586125
   8099   0.574422
   8207   0.584771
   8315   0.592174
   8423   0.528331
   8531   0.496376
   8639   0.58567
   8747   0.586161
   8855   0.56981
   8963   0.576275
   9071   0.573714
   9179   0.568499
   9287   0.583372
   9395   0.575326
   9503   0.522731
   9611   0.595141
   9719   0.570552
   9827   0.578153
   9935   0.56421
   10043   0.615735
   10151   0.634689
   10259   0.667048
   10367   0.623478
   10475   0.648197
   10583   0.773594
   10691   0.756705
   10799   0.725425
   10907   0.723992
   11015   0.742358
   11123   0.702385
   11231   0.695949
   11339   0.722579
   11447   0.707605
   11555   0.690122
   11663   0.674529
   11771   0.714935
   11879   0.69397
   11987   0.705024
   12095   0.714711
   12203   0.683593
   12311   0.698109
   12419   0.675199
   12527   0.688151
   12635   0.700042
   12743   0.676004
   12851   0.707543
   12959   0.665269
   13067   0.713808
   13175   0.705886
   13283   0.698858
   13391   0.710242
   13499   0.728007
   13607   0.768303
   13715   0.744003
   13823   0.694885
   13931   0.72586
   14039   0.72925
   14147   0.735253
   14255   0.716288
   14363   0.712919
   14471   0.719462
   14579   0.759768
   14687   0.727194
   14795   0.721201
   14903   0.720601
   15011   0.739562
   15119   0.701339
   15227   0.752049
   15335   0.693847
   15443   0.692792
   15551   0.705591
   15659   0.729836
   15767   0.732957
   15875   0.736808
   15983   0.736329
   16091   0.719816
   16199   0.727923
   16307   0.76309
   16415   0.751099
   16523   0.755722
   16631   0.726245
   16739   0.734907
   16847   0.69905
   16955   0.703297
   17063   0.678366
   17171   0.707589
   17279   0.705961
   17387   0.691421
   17495   0.709215
   17603   0.680738
   17711   0.685264
