1
2
   107   0.3944
   215   0.68404
   323   0.593651
   431   0.555406
   539   0.54066
   647   0.554795
   755   0.584237
   863   0.554783
   971   0.501315
   1079   0.547114
   1187   0.514106
   1295   0.591095
   1403   0.620452
   1511   0.574005
   1619   0.576397
   1727   0.549659
   1835   0.622208
   1943   0.552251
   2051   0.594748
   2159   0.542
   2267   0.580583
   2375   0.539387
   2483   0.559521
   2591   0.565215
   2699   0.536655
   2807   0.680066
   2915   0.613166
   3023   0.566109
   3131   0.612405
   3239   0.580488
   3347   0.558883
   3455   0.587441
   3563   0.504329
   3671   0.516647
   3779   0.593381
   3887   0.60088
   3995   0.56776
   4103   0.540124
   4211   0.542868
   4319   0.549981
   4427   0.582546
   4535   0.627898
   4643   0.565896
   4751   0.575356
   4859   0.545727
   4967   0.510921
   5075   0.562285
   5183   0.586313
   5291   0.532973
   5399   0.538357
   5507   0.574757
   5615   0.555316
   5723   0.542679
   5831   0.570438
   5939   0.568087
   6047   0.585121
   6155   0.598604
   6263   0.566923
   6371   0.56102
   6479   0.546667
   6587   0.550165
   6695   0.536084
   6803   0.552107
   6911   0.562876
   7019   0.543752
   7127   0.473215
   7235   0.521838
   7343   0.577233
   7451   0.477812
   7559   0.538772
   7667   0.58003
   7775   0.553494
   7883   0.562798
   7991   0.596931
   8099   0.562205
   8207   0.500424
   8315   0.546694
   8423   0.550503
   8531   0.538823
   8639   0.574868
   8747   0.531185
   8855   0.539477
   8963   0.50975
   9071   0.566924
   9179   0.541482
   9287   0.57827
   9395   0.536377
   9503   0.50761
   9611   0.48398
   9719   0.537559
   9827   0.514998
   9935   0.482559
   10043   0.477261
   10151   0.525037
   10259   0.507754
   10367   0.499541
   10475   0.474188
   10583   0.457345
   10691   0.548627
   10799   0.48307
   10907   0.531907
   11015   0.527547
   11123   0.513102
   11231   0.460074
   11339   0.467373
   11447   0.450537
   11555   0.432844
   11663   0.506841
   11771   0.510092
   11879   0.486351
   11987   0.529004
   12095   0.475958
   12203   0.488739
   12311   0.459578
   12419   0.466394
   12527   0.499505
   12635   0.428423
   12743   0.461728
   12851   0.433636
   12959   0.507573
   13067   0.448215
   13175   0.476297
   13283   0.490075
   13391   0.457794
   13499   0.477425
   13607   0.438819
   13715   0.426687
   13823   0.517303
   13931   0.530133
   14039   0.517803
   14147   0.537059
   14255   0.517716
   14363   0.490655
   14471   0.446641
   14579   0.446659
   14687   0.448388
   14795   0.43967
   14903   0.496539
   15011   0.523143
   15119   0.440513
   15227   0.491201
   15335   0.459658
   15443   0.486202
   15551   0.502824
   15659   0.479361
   15767   0.470663
   15875   0.475242
   15983   0.471969
   16091   0.472457
   16199   0.488667
   16307   0.483909
   16415   0.503249
   16523   0.4993
   16631   0.555696
   16739   0.467736
   16847   0.496221
   16955   0.482371
   17063   0.45913
   17171   0.492748
   17279   0.469554
   17387   0.51735
   17495   0.531669
   17603   0.51028
   17711   0.48529
