10,3577,3000,3.066666666666667,69.6969696969697,0
10,3574,3000,4.1,68.71508379888269,0
10,3569,3000,2.933333333333333,68.75,0.022727272727272728
20,7140,6000,2.9,70.16129032258065,0
20,7145,6000,4.083333333333333,72.48520710059172,0
20,7138,6000,3.8833333333333333,71.47239263803681,0
50,17851,15000,2.8733333333333335,71.2396694214876,0.004640371229698376
50,17842,15000,3.46,70.42062415196743,0.005780346820809248
50,17871,15000,3.6666666666666665,71.61458333333334,0
100,35697,30000,3.1066666666666665,71.4176245210728,0
100,35656,30000,4.013333333333334,71.20047309284448,0
100,35707,30000,3.6333333333333333,71.80500658761528,0.0009174311926605505
200,71383,60000,3.1666666666666665,71.42857142857143,0
200,71371,60000,3.5616666666666665,71.71140939597316,0
200,71381,60000,3.4183333333333334,71.54301637060257,0.2994157740993184
500,178454,150000,3.1693333333333333,72.40230233262648,0.641213389121339
500,178469,150000,3.5713333333333335,71.84817596566523,0.003360089602389397
500,178454,150000,3.5286666666666666,71.27659574468085,0
1,17851,267,5.2434456928838955,2.3140495867768593,29.714285714285715,5607.571508598958
2,17851,2163,18.07674526121128,70.9090909090909,15.941724941724942,497.9280152372416
3,17851,705,67.23404255319149,80.16528925619835,2.9917525773195877,50.26906055683155
4,17851,597,96.14740368509213,95.0413223140496,2.111304347826087,5.0262170186544175
5,17851,594,99.66329966329967,97.85123966942149,2.001689189189189,0.4832782477172147
6,17851,594,100,98.18181818181819,1.9865319865319866,0
1,17842,361,3.3240997229916895,2.03527815468114,30.133333333333333,5662.462167918395
2,17842,2346,19.18158567774936,68.9280868385346,17.200787401574804,500.807700930389
3,17842,830,66.86746987951807,78.29036635006784,3.0571923743500866,49.96205582333819
4,17842,728,95.05494505494505,94.30122116689282,2.135251798561151,4.999551619773568
5,17842,721,99.44521497919555,97.42198100407056,1.9693593314763231,0.48228898105593543
6,17842,720,100,97.69335142469471,1.9625,0
1,17871,398,4.773869346733668,2.604166666666667,32.15,5683.0390017346535
2,17871,2693,17.304121797252137,65.234375,17.043912175648703,497.3380336858598
3,17871,886,68.84875846501129,81.25,2.6971153846153846,49.84214649432041
4,17871,760,94.60526315789474,93.88020833333334,1.9251040221914009,5.014828493089363
5,17871,753,99.734395750332,97.78645833333334,1.7616511318242343,0.4836886576017011
6,17871,753,100,98.046875,1.7622841965471447,0
2,600,55,45.45454545454545,83.33333333333334,1.48,248.26833333333335
4,600,63,36.507936507936506,76.66666666666667,3,355.34
6,600,68,33.8235294117647,76.66666666666667,1.826086956521739,399.065
8,600,71,35.2112676056338,83.33333333333334,1.88,407.30333333333334
10,600,63,33.333333333333336,70,1.4285714285714286,426.79333333333335
12,600,71,30.985915492957748,73.33333333333333,1.6818181818181819,431.31333333333333
2,600,55,45.45454545454545,83.33333333333334,1.48,248.26833333333335,148961
2,600,55,45.45454545454545,83.33333333333334,1.48,248.26833333333335,148961
2,600,55,45.45454545454545,83.33333333333334,1.48,248.26833333333335,248.26833333333335
2,600,55,45.45454545454545,83.33333333333334,1.48,248.26833333333335,248.26833333333335
2,600,55,45.45454545454545,83.33333333333334,1.48,248.26833333333335,248.26833333333335
4,600,63,36.507936507936506,76.66666666666667,3,355.34,355.34
6,600,68,33.8235294117647,76.66666666666667,1.826086956521739,399.065,399.065
8,600,71,35.2112676056338,83.33333333333334,1.84,407.30333333333334,407.30333333333334
10,600,63,33.333333333333336,70,1.4285714285714286,426.79333333333335,426.79333333333335
12,600,71,30.985915492957748,73.33333333333333,1.6818181818181819,431.31333333333333,431.31333333333333
2,1794,170,41.1764705882353,88.88888888888889,3.5416666666666665,251.2664437012263,250.52452619843925
2,2392,234,36.75213675213675,86.27450980392157,3.2954545454545454,253.67767558528428,252.43854515050168
2,2392,234,36.75213675213675,86.27450980392157,3.4318181818181817,253.67767558528428,97.08277591973244
2,17837,1795,29.080779944289695,86.88524590163934,4.369811320754717,251.66104165498683,228.3926108650558
4,17854,2137,26.579316799251288,85.92375366568915,8.054607508532424,382.33600313655205,326.0985213397558
6,17834,2263,22.271321254971276,79.33130699088146,8.798850574712644,415.00364472356176,324.15066726477517
8,17830,2189,22.521699406121517,82.06349206349206,12.042553191489361,442.93825014021314,301.70998317442513
10,17820,2254,23.824312333629102,78.39335180055402,12.558303886925795,448.69377104377105,261.912177328844
12,17849,2135,22.15456674473068,78.33594976452119,14.39879759519038,453.7888397109082,207.79578687881673
2,17825,1758,32.195676905574516,86.81818181818181,4.509598603839441,247.6085273492286,223.98182328190742
4,17867,2053,25.47491475888943,82.4074074074074,8.790262172284644,371.2854984048805,315.9331169194605
6,17848,2204,25.45372050816697,82.08744710860366,9.79896907216495,418.67923576871357,322.0630883012102
8,17854,2306,23.243712055507373,79.94310099573258,12.325622775800712,439.5361823680968,298.3281617564691
10,17827,2341,24.134985049124307,82.10818307905686,12.214527027027026,448.4421383295002,260.3580523924384
12,17840,2516,21.939586645469,77.92553191489363,13.904436860068259,457.3584080717489,210.62561659192826
2,17837,1794,29.096989966555185,86.88524590163934,4.415094339622642,251.66104165498683,228.3926108650558
4,17854,2136,26.638576779026216,85.92375366568915,8.063139931740615,382.33600313655205,326.0985213397558
6,17834,2263,22.315510384445428,79.48328267477204,8.77055449330784,415.00364472356176,324.15066726477517
8,17830,2189,22.521699406121517,82.06349206349206,12.02514506769826,442.93825014021314,301.70998317442513
10,17820,2256,23.847517730496453,78.53185595567868,12.597883597883598,448.69377104377105,261.912177328844
12,17849,2133,22.175339896858883,78.33594976452119,14.172344689378757,453.7888397109082,207.79578687881673
