# Elapsed time   CPU (%)     Real (MB)   Virtual (MB)
       0.000        0.000      252.855     1031.359
      10.011        8.200      254.395     1034.859
      20.021        7.800      258.562     1037.359
      30.032        6.800      261.793     1041.859
      40.043        5.600      265.625     1045.359
      50.053        7.300      269.375     1049.359
      60.064        5.900      273.633     1053.359
      70.075        5.900      277.598     1057.859
      80.086        5.800      282.145     1061.859
      90.097       16.100      249.527     1052.848
     100.107        8.000      257.656     1052.848
     110.118        8.700      273.719     1052.848
     120.128       15.500      270.824     1049.348
     130.140        8.200      270.848     1049.348
     140.151        6.300      270.848     1049.348
     150.161        7.200      270.941     1049.348
     160.165        6.600      271.332     1049.348
     170.176       15.700      270.848     1048.848
     180.187        7.200      270.848     1048.848
     190.198        7.300      270.934     1048.848
     200.209        8.100      270.977     1048.848
     210.220        6.900      270.977     1048.848
     220.230       14.600      271.121     1048.848
     230.241        6.600      271.375     1049.348
     240.252        6.200      271.594     1049.348
     250.263        7.000      271.594     1049.348
     260.274        6.200      271.719     1049.348
     270.285       13.000      271.777     1049.348
     280.296        5.800      271.777     1049.348
     290.306        5.800      271.777     1049.348
     300.317        6.000      271.777     1049.348
     310.328       14.400      270.305     1047.848
     320.339        6.700      270.305     1047.848
     330.350        6.100      270.379     1047.848
     340.361        6.300      270.379     1047.848
     350.372       14.100      269.922     1047.848
     360.382        5.600      269.922     1047.848
     370.393        5.600      269.922     1047.848
     380.404        5.100      269.922     1047.848
     390.405        6.100      271.184     1049.348
     400.416       12.200      270.914     1048.348
     410.427        6.700      270.914     1048.348
     420.438        4.900      270.914     1048.348
     430.449        5.000      270.914     1048.348
     440.460        4.200      271.012     1048.348
     450.470       12.200      271.113     1048.348
     460.481        5.200      271.113     1048.348
     470.492        5.300      271.113     1048.348
     480.503        5.300      271.113     1048.348
     490.514        5.200      271.355     1048.848
     500.525       13.700      271.426     1048.848
     510.535        5.800      271.449     1048.848
     520.546        5.900      271.449     1048.848
     530.557        7.600      271.574     1048.848
     540.568        5.900      271.574     1048.848
     550.573        5.100      272.004     1049.348
     560.581       13.100      272.133     1049.348
     570.589        6.000      272.133     1049.348
     580.600        5.300      272.133     1049.348
     590.611        6.500      272.133     1049.348
     600.622        5.700      272.641     1049.848
     610.633       14.100      271.668     1048.848
     620.643        5.300      271.668     1048.848
     630.654        6.300      271.711     1048.848
     640.665        7.100      271.711     1048.848
     650.676        6.600      271.824     1048.848
     660.687        4.500      271.824     1049.348
     670.698        5.300      272.355     1049.848
     680.709       12.500      272.531     1049.848
     690.719        5.700      272.531     1049.848
     700.730        5.600      272.531     1049.848
     710.741        5.800      272.797     1050.848
     720.752       12.000      271.746     1048.848
     730.763        6.000      271.746     1048.848
     740.774        4.900      271.746     1048.848
     750.784        4.700      271.746     1048.848
     760.795        5.200      271.863     1048.848
     770.806       12.600      271.973     1048.848
     780.817        6.400      271.973     1048.848
     790.828        5.900      271.973     1048.848
     800.837        6.900      272.109     1048.848
     810.848        6.200      272.109     1048.848
     820.858        5.500      272.109     1048.848
     830.869        6.200      272.234     1048.848
     840.880       14.600      272.250     1048.848
     850.891        5.500      272.250     1048.848
     860.902        5.900      272.250     1048.848
     870.913        8.000      272.266     1048.848
     880.923        5.400      272.266     1049.348
     890.934       11.100      272.641     1049.348
     900.945       23.900      274.289     1050.848
     910.956       11.500      274.328     1050.848
     920.967       18.500      274.621     1051.348
     930.974       12.800      274.621     1051.348
     940.985       15.000      274.891     1051.348
     950.995       12.200      276.238     1052.348
     961.005       18.900      276.461     1052.348
     971.013       10.700      276.488     1052.348
     981.024       10.300      276.734     1052.848
     991.034       17.400      275.504     1052.348
    1001.045       14.300      275.504     1052.348
    1011.055       14.100      275.715     1052.348
    1021.061       13.300      276.719     1053.348
    1031.072       10.800      277.680     1054.348
    1041.083       19.900      279.445     1055.848
    1051.094       11.900      279.578     1055.848
    1061.105       11.300      279.949     1056.348
    1071.115       17.100      278.914     1055.848
    1081.126       12.000      278.914     1055.848
    1091.137        9.400      279.375     1056.848
    1101.147       15.800      279.621     1056.848
    1111.158       13.500      280.672     1057.848
    1121.169        9.800      280.930     1058.848
    1131.172       19.300      276.555     1053.348
    1141.182       12.800      276.684     1053.348
    1151.192       18.200      276.773     1053.348
    1161.203       11.000      276.773     1053.348
    1171.213       11.100      277.281     1053.848
    1181.222        9.700      277.836     1054.348
    1191.233       17.200      277.836     1054.348
    1201.244       11.500      277.844     1054.348
    1211.252       18.600      277.547     1053.848
    1221.262       11.500      277.551     1053.848
    1231.269       12.400      277.953     1054.348
    1241.280       19.700      278.254     1054.348
    1251.291       12.900      278.258     1054.348
    1261.302       15.500      278.258     1054.848
    1271.313       11.800      279.379     1056.848
    1281.323       10.500      280.352     1056.848
    1291.334       18.100      280.355     1056.848
    1301.345       10.000      280.387     1057.348
    1311.356       16.600      278.562     1054.848
    1321.363       10.300      278.703     1054.848
    1331.373       10.000      278.703     1054.848
    1341.384       16.600      278.703     1054.848
    1351.395        9.300      278.703     1054.848
    1361.405        9.300      278.703     1054.848
    1371.416       19.200      278.703     1054.848
    1381.427       14.100      278.859     1054.848
    1391.437       12.800      278.914     1054.848
    1401.443       11.400      279.707     1056.348
    1411.452       20.200      280.035     1056.348
    1421.462       12.800      280.035     1056.348
    1431.471       12.400      280.035     1056.348
    1441.480       10.600      281.094     1057.348
    1451.491       11.800      282.062     1058.348
    1461.502       19.900      282.266     1058.348
    1471.513       13.500      282.266     1058.348
    1481.524       12.100      282.266     1058.348
    1491.535       11.400      283.504     1059.848
    1501.545       18.100      283.543     1059.848
    1511.556       12.100      283.543     1059.848
    1521.567        9.800      284.473     1060.848
    1531.578       17.600      283.094     1059.848
    1541.589       10.500      283.094     1059.848
    1551.600        9.600      284.199     1061.848
    1561.609       17.100      281.703     1058.348
    1571.618        9.300      281.703     1058.348
    1581.629        8.800      281.703     1058.348
    1591.640       16.400      281.711     1058.348
    1601.651       13.300      281.711     1058.348
    1611.661       14.300      281.809     1058.348
    1621.669       11.800      282.484     1059.348
    1631.680       11.800      284.082     1060.848
    1641.691       19.700      284.293     1060.848
    1651.702       11.800      284.293     1060.848
    1661.713       19.200      279.375     1055.848
    1671.723       13.100      279.617     1055.848
    1681.733       14.600      279.629     1055.848
    1691.744       11.600      280.977     1057.848
    1701.755       19.100      281.957     1058.348
    1711.766       12.700      281.957     1058.348
    1721.777       12.100      282.473     1058.848
    1731.787       19.300      282.605     1058.848
    1741.798       10.700      282.605     1058.848
    1751.809        9.700      283.387     1060.848
    1761.820       18.500      280.250     1056.348
    1771.831       12.500      280.250     1056.348
    1781.841       12.900      280.250     1056.348
    1791.845       10.000      280.820     1056.848
    1801.856       18.700      280.820     1056.848
    1811.867       17.000      280.820     1056.848
    1821.878       31.600      281.648     1057.848
    1831.889       22.400      283.152     1059.348
    1841.899       18.900      291.273     1068.848
    1851.910       25.900      296.199     1072.348
    1861.912       27.200      296.199     1072.348
    1871.923       21.800      297.812     1073.848
    1881.934       21.400      303.324     1080.848
    1891.945       31.200      305.832     1081.848
    1901.955       23.000      306.602     1082.848
    1911.966       30.100      304.273     1080.348
    1921.977       23.100      304.285     1080.348
    1931.985       18.600      305.383     1081.848
    1941.996       27.000      304.793     1080.848
    1952.005       19.300      304.793     1080.848
    1962.016       19.900      306.895     1083.348
    1972.027       27.800      307.125     1083.348
    1982.038       18.300      307.125     1083.348
    1992.049       17.400      309.629     1085.848
    2002.060       31.000      310.266     1086.348
    2012.069       26.000      310.266     1086.348
    2022.080       21.200      311.285     1087.348
    2032.091       18.400      311.285     1087.348
    2042.102       30.900      312.527     1088.848
    2052.113       20.900      312.676     1088.848
    2062.124       29.400      303.508     1079.348
    2072.134       21.400      303.785     1079.348
    2082.145       18.900      303.785     1079.348
    2092.156       29.600      305.285     1081.348
    2102.167       20.200      305.414     1081.348
    2112.177       27.100      306.762     1083.348
    2122.185       22.000      307.816     1083.348
    2132.196       18.800      307.965     1083.348
    2142.207       18.800      309.148     1084.348
    2152.218       30.000      308.543     1084.848
    2162.229       21.100      308.633     1084.848
    2172.233       27.600      300.535     1076.348
    2182.244       19.400      300.633     1076.348
    2192.255       18.800      300.633     1076.348
    2202.265       26.200      300.633     1076.348
    2212.276       16.800      300.633     1076.348
    2222.281       17.200      300.879     1076.848
    2232.292       25.700      301.090     1076.848
    2242.303       17.300      301.090     1076.848
    2252.310       17.700      301.836     1077.848
    2262.321       30.200      302.207     1077.848
    2272.331       20.800      302.340     1077.848
    2282.341       18.200      302.395     1078.848
    2292.351       26.200      303.285     1078.848
    2302.362       21.500      303.285     1078.848
    2312.373       18.300      303.285     1078.848
    2322.384       18.700      304.621     1080.348
    2332.395       28.400      306.137     1081.848
    2342.403       21.400      306.266     1081.848
    2352.413       19.300      306.266     1081.848
    2362.421       28.000      301.617     1076.848
    2372.432       21.200      301.617     1076.848
    2382.433       18.700      301.617     1076.848
    2392.444       16.600      303.234     1078.848
    2402.455       26.500      303.281     1078.848
    2412.466       17.800      303.281     1078.848
    2422.477       24.800      303.426     1079.848
    2432.488       26.900      303.574     1079.848
    2442.498       22.100      303.727     1079.848
    2452.509       19.900      303.855     1080.348
    2462.520       17.200      304.734     1080.848
    2472.531       27.400      304.746     1080.848
    2482.541       18.800      304.746     1080.848
    2492.549       25.800      299.305     1075.848
    2502.560       20.700      299.723     1076.348
    2512.571       20.500      299.867     1076.348
    2522.580       18.700      301.512     1078.348
    2532.589       28.400      301.656     1078.348
    2542.600       20.400      301.656     1078.348
    2552.609       20.100      302.945     1079.848
    2562.620       27.800      303.094     1079.848
    2572.631       18.400      303.238     1079.848
    2582.642       19.000      303.238     1079.848
    2592.645       27.200      297.875     1074.348
    2602.656       18.500      297.910     1074.348
    2612.667       16.600      297.910     1074.348
    2622.678       27.100      301.215     1077.848
    2632.688       23.100      301.324     1077.848
    2642.697       20.000      301.527     1077.848
    2652.708       18.300      303.910     1080.348
    2662.719       27.200      304.203     1079.848
    2672.729       20.000      304.203     1079.848
    2682.739       18.500      304.203     1079.848
    2692.750       19.600      306.227     1083.348
    2702.761       27.400      303.910     1080.348
    2712.772       20.200      303.910     1080.348
    2722.782       17.500      305.367     1082.348
    2732.793       27.400      307.215     1083.848
    2742.801       22.500      307.293     1083.848
    2752.811       55.500      308.930     1085.348
    2762.821       47.800      319.785     1096.848
    2772.829       36.800      369.680     1147.848
    2782.840       50.100      349.422     1126.348
    2792.851       44.800      369.840     1147.348
    2802.862       57.300      364.543     1140.848
    2812.873       44.500      370.535     1148.348
    2822.883       57.100      376.453     1153.348
    2832.894       44.400      380.266     1155.848
    2842.905       53.900      373.707     1150.848
    2852.913       39.300      374.504     1151.348
    2862.924       45.700      378.598     1155.348
    2872.935       46.900      380.227     1156.848
    2882.946       56.400      376.480     1152.848
    2892.956       48.800      376.480     1152.848
    2902.967       53.300      380.336     1157.348
    2912.978       47.400      380.984     1157.848
    2922.989       53.300      379.488     1155.848
    2932.997       43.300      379.988     1156.348
    2943.008       42.000      382.008     1160.348
    2953.019       48.100      380.352     1156.848
    2963.030       43.900      381.254     1157.848
    2973.041       49.000      380.613     1156.848
    2983.045       42.400      380.613     1156.848
    2993.056       54.000      383.324     1159.848
    3003.067       45.100      383.324     1159.848
    3013.077       50.000      386.914     1163.348
    3023.088       44.200      385.312     1161.348
    3033.099       39.100      385.699     1161.848
    3043.110       58.500      390.160     1166.848
    3053.121       46.200      390.180     1166.848
    3063.122       53.800      388.055     1164.348
    3073.133       50.500      388.055     1164.348
    3083.141       43.300      389.324     1165.848
    3093.152       57.000      392.066     1168.848
    3103.161       38.300      392.566     1169.348
    3113.172       47.700      391.922     1167.848
    3123.181       48.900      391.922     1167.848
    3133.192       43.500      391.922     1167.848
    3143.195       60.200      384.547     1160.348
    3153.206       44.700      384.676     1160.348
    3163.216       53.000      388.203     1164.348
    3173.227       50.700      388.203     1164.348
    3183.238       37.000      388.203     1164.348
    3193.249       46.600      389.594     1165.348
    3203.260       49.400      390.105     1165.859
    3213.271       43.500      390.109     1165.859
    3223.282       55.100      385.918     1161.848
    3233.293       39.800      385.918     1161.848
    3243.301       40.200      387.707     1163.848
    3253.312       56.300      386.535     1162.848
    3263.321       45.100      386.574     1162.848
    3273.332       36.000      389.516     1165.848
    3283.343       50.800      387.520     1163.348
    3293.353       41.300      387.520     1163.348
    3303.364       41.100      390.000     1166.348
    3313.375       54.900      385.348     1161.348
    3323.381       41.900      385.387     1161.348
    3333.392       41.400      388.160     1164.191
    3343.403       62.800      384.277     1159.691
    3353.413       41.800      384.359     1159.691
    3363.421       39.100      385.016     1160.691
    3373.429       59.200      385.234     1160.691
    3383.440       43.400      385.234     1160.691
    3393.451       41.000      391.688     1167.691
    3403.462       56.100      387.914     1163.191
    3413.473       40.000      387.914     1163.191
    3423.484       39.800      394.363     1170.691
    3433.493       52.700      386.410     1161.691
    3443.504       36.900      386.410     1161.691
    3453.515       43.200      386.410     1161.691
    3463.526       49.800      382.074     1157.301
    3473.537       40.200      382.074     1157.301
    3483.548       41.200      382.176     1157.301
    3493.558       52.200      384.156     1159.301
    3503.569       47.500      384.156     1159.301
    3513.580       39.300      384.156     1159.301
    3523.591       46.200      386.969     1162.801
    3533.602       41.900      386.969     1162.801
    3543.613       37.800      386.969     1162.801
    3553.623       51.500      387.090     1162.301
    3563.634       44.600      387.090     1162.301
    3573.645       42.200      387.109     1162.301
    3583.653       50.900      388.465     1163.801
    3593.664       46.600      388.473     1163.801
    3603.675       40.500      388.473     1163.801
    3613.686       36.900      391.113     1167.301
    3623.697       49.500      386.004     1161.301
    3633.708       41.100      386.004     1161.301
    3643.718       37.600      386.004     1161.301
    3653.725       54.200      384.527     1159.949
    3663.736       43.700      384.676     1159.949
    3673.747       39.900      384.805     1159.949
    3683.758       49.000      388.898     1163.949
    3693.769       46.600      388.902     1164.098
    3703.779       42.400      388.902     1164.098
    3713.790       29.900      388.902     1164.098
    3723.801        0.000      388.902     1164.098
    3733.812        0.000      388.902     1164.098
    3743.816        0.000      388.902     1164.098
    3753.827        0.100      388.902     1164.098
    3763.837        0.400      388.902     1164.098
    3773.845       20.600      217.348     1026.598
    3783.856       20.500      235.473     1032.098
    3793.867        0.000      235.473     1032.098
    3803.878       37.200      241.777     1037.598
    3813.888        0.000      241.777     1037.598
    3823.899        6.900      232.098     1039.598
    3833.909      117.600      304.918     1084.098
    3843.920       92.000      354.664     1133.098
    3853.931       97.400      387.586     1165.598
    3863.942      101.900      402.059     1179.598
    3873.953       91.800      394.926     1173.098
    3883.961       89.800      402.645     1180.098
    3893.972       77.900      405.766     1184.598
    3903.983      109.500      408.723     1185.598
    3913.989      100.200      413.070     1191.598
    3924.000       89.500      413.012     1191.730
    3934.011       89.400      413.809     1191.730
    3944.021      101.300      414.441     1192.730
    3954.029       99.300      418.066     1195.230
    3964.037       89.800      420.074     1196.961
    3974.048       91.100      419.840     1196.461
    3984.059       90.200      420.535     1198.672
    3994.061      104.800      421.750     1198.672
    4004.072       94.000      420.520     1197.672
    4014.081       89.700      416.379     1193.172
    4024.092       92.300      416.941     1194.172
    4034.103      107.200      414.262     1191.672
    4044.114       92.900      421.340     1198.672
    4054.125       89.900      415.840     1194.672
    4064.136       80.900      417.852     1195.672
    4074.146      100.700      413.164     1190.672
    4084.157      101.300      412.539     1189.672
    4094.165       90.300      414.316     1191.672
    4104.176       93.500      411.078     1188.172
    4114.187      102.400      413.137     1190.172
    4124.193       98.700      412.312     1189.172
    4134.201       88.100      410.980     1188.172
    4144.212       86.100      411.086     1188.172
    4154.213       83.900      411.402     1188.672
    4164.224      102.100      410.539     1188.172
    4174.233       97.000      412.352     1189.172
    4184.241       90.600      410.223     1188.172
    4194.252       88.800      411.746     1189.172
    4204.263       97.300      408.617     1185.672
    4214.271       92.200      407.395     1184.672
    4224.281       85.800      415.969     1194.172
    4234.292       76.200      417.617     1194.672
    4244.303       97.000      404.664     1181.684
    4254.314       97.600      408.434     1185.672
    4264.325       91.000      408.988     1186.172
    4274.333       84.400      407.566     1184.672
    4284.344       90.900      398.438     1175.172
    4294.355       90.800      387.445     1164.172
    4304.365       78.800      389.195     1167.172
    4314.373       86.000      389.188     1166.172
    4324.384       91.700      390.590     1167.672
    4334.395       99.600      390.035     1167.172
    4344.406       91.100      403.480     1182.172
    4354.413       74.600      407.520     1185.172
    4364.421       79.000      398.555     1175.172
    4374.432       97.800      394.781     1172.172
    4384.443       94.000      402.535     1179.672
    4394.453       74.300      405.211     1182.672
    4404.463       85.300      399.625     1176.172
    4414.473       93.900      392.051     1169.172
    4424.484       90.300      394.773     1172.672
    4434.495       84.300      401.008     1177.672
    4444.506       89.500      393.996     1170.172
    4454.517       91.200      394.875     1171.672
    4464.525       92.900      396.730     1173.172
    4474.533       80.800      399.191     1176.172
    4484.544       88.200      397.402     1173.672
    4494.555       84.400      389.039     1165.672
    4504.566       92.300      389.672     1166.672
    4514.577       85.800      390.465     1167.172
    4524.588       92.800      389.660     1166.043
    4534.597       84.600      388.109     1166.031
    4544.605       82.100      391.895     1168.531
    4554.613       90.900      389.801     1166.031
    4564.624       92.900      390.668     1168.031
    4574.633       83.000      389.652     1167.031
    4584.641       84.700      390.980     1167.926
    4594.652       93.000      391.449     1167.926
    4604.663       89.800      387.488     1163.926
    4614.674       75.600      389.953     1166.426
    4624.684       85.900      391.008     1167.426
    4634.695       92.400      387.652     1163.926
    4644.706       80.900      390.434     1166.926
    4654.716      102.900      389.301     1165.426
    4664.727       85.200      391.277     1167.426
    4674.738       77.200      395.176     1171.926
    4684.745       85.700      394.633     1171.926
    4694.756       88.900      393.242     1169.926
    4704.767       74.300      394.973     1172.426
    4714.774       94.900      385.883     1162.426
    4724.781       92.200      387.527     1163.926
    4734.789       86.100      385.125     1161.426
    4744.797       83.400      385.387     1161.426
    4754.808       84.200      389.992     1166.426
    4764.819       86.200      391.906     1167.926
    4774.830       84.900      391.906     1167.926
    4784.840       94.600      391.129     1166.938
    4794.849       80.100      388.281     1164.926
    4804.857       83.200      388.906     1165.621
    4814.865       90.500      389.988     1166.949
    4824.876       88.400      388.605     1165.449
    4834.887       81.800      389.105     1165.949
    4844.897       87.700      391.609     1167.949
    4854.908       13.300      391.688     1167.949
    4864.919        0.000      391.688     1167.949
    4874.929       33.600      376.094     1167.949
    4884.940        3.300      376.152     1167.949
    4894.951        3.300      360.547     1167.949
    4904.962        0.100      360.805     1167.949
    4914.969       45.300      237.602     1040.949
    4924.977       42.200      266.980     1045.949
    4934.985       84.100      325.227     1104.949
    4944.996      142.200      444.598     1222.949
    4955.007      152.900      500.301     1277.449
    4965.018      141.000      550.477     1328.949
    4975.029      122.900      594.348     1372.449
    4985.037      138.400      616.664     1393.949
    4995.045      135.900      569.328     1345.949
    5005.056      140.100      613.957     1390.637
    5015.065      139.800      662.480     1440.480
    5025.076      139.600      724.980     1502.461
    5035.080      124.000      728.668     1505.039
    5045.091      141.800      762.137     1539.055
    5055.101      143.400      764.375     1542.055
    5065.109      121.600      792.469     1569.055
    5075.120      144.600      822.090     1598.191
    5085.131      145.000      886.516     1664.523
    5095.142      119.800      890.277     1666.602
    5105.153      147.800      977.621     1754.707
    5115.164      121.000      980.516     1757.207
    5125.165      152.800     1083.551     1861.465
    5135.173      120.200     1087.762     1864.527
    5145.181      141.100     1125.871     1904.051
    5155.192      137.400     1138.520     1915.609
    5165.201      155.200     1099.574     1876.520
    5175.212      124.100     1126.109     1902.781
    5185.221      150.800     1113.273     1890.777
    5195.229      120.900     1127.508     1904.277
    5205.240      158.500     1151.594     1928.777
    5215.251      123.200     1178.152     1954.719
    5225.261      160.500     1194.430     1971.266
    5235.272      161.600     1239.961     2018.141
    5245.281      123.000     1267.793     2044.273
    5255.289      163.800     1264.203     2040.512
    5265.300      164.700     1262.234     2039.012
    5275.311      120.000     1276.223     2054.512
    5285.322      164.900     1290.949     2067.176
    5295.333      167.900     1329.410     2106.066
    5305.344      165.400     1357.328     2135.066
    5315.345      124.500     1358.996     2135.566
    5325.356      169.100     1363.000     2139.270
    5335.365      170.600     1367.645     2144.059
    5345.376      208.900     1347.598     2126.047
    5355.385      170.400     1362.449     2171.547
    5365.396      208.900     1375.562     2153.176
    5375.407      178.900     1345.223     2122.176
    5385.418      193.600     1387.465     2196.090
    5395.429      215.400     1397.746     2174.891
    5405.437      181.800     1422.539     2199.512
    5415.445      208.300     1437.000     2245.992
    5425.456      218.300     1471.902     2249.492
    5435.465      194.700     1455.977     2262.992
    5445.476      237.200     1504.488     2281.992
    5455.487      257.100     1504.527     2308.492
    5465.498      280.900     1503.758     2313.594
    5475.509      208.000     1507.539     2316.094
    5485.520      361.600     1533.320     2315.730
    5495.531      354.300     1536.098     2316.730
    5505.541        5.800     1536.098     2316.730
    5515.552        5.700     1536.098     2316.730
    5525.563        5.100     1536.098     2316.730
    5535.574        5.200     1536.254     2316.730
