# Elapsed time   CPU (%)     Real (MB)   Virtual (MB)
       0.000        0.000      247.992     1025.859
      10.011        3.700      248.250     1025.859
      20.021        3.700      248.250     1026.359
      30.026        3.600      248.660     1026.859
      40.036       17.400      211.305     1023.348
      50.047       12.300      217.855     1024.348
      60.058        5.400      221.336     1026.848
      70.069        3.700      230.562     1027.348
      80.080        3.100      231.820     1028.848
      90.091       11.800      233.453     1028.848
     100.101        4.000      241.359     1028.848
     110.112        3.200      249.316     1028.848
     120.123        4.700      249.754     1028.848
     130.134       10.300      250.148     1028.848
     140.138        3.700      250.148     1028.848
     150.148        3.100      250.148     1028.848
     160.159        3.800      250.219     1028.848
     170.163        3.200      250.477     1029.348
     180.164        4.100      251.094     1031.848
     190.175        3.300      252.590     1032.348
     200.186        3.600      254.094     1034.348
     210.197        3.200      255.824     1036.348
     220.207       10.000      254.883     1033.848
     230.218        3.500      255.137     1033.848
     240.229        3.000      255.137     1033.848
     250.240        3.000      255.137     1033.848
     260.251        2.700      255.219     1033.848
     270.262        2.700      255.473     1033.848
     280.273        2.300      255.473     1034.348
     290.283        2.400      255.988     1034.348
     300.294       19.000      258.176     1037.348
     310.305       23.400      222.105     1025.348
     320.316       14.600      233.375     1029.348
     330.327        9.500      249.875     1029.348
     340.338        6.600      250.555     1029.848
     350.349       15.800      250.801     1029.848
     360.359        8.600      251.414     1030.848
     370.370        6.200      253.094     1033.348
     380.377        6.300      257.129     1036.848
     390.388       14.900      258.516     1036.848
     400.399        6.900      258.559     1036.848
     410.410        5.700      258.559     1036.848
     420.421        6.800      258.891     1037.348
     430.432       13.800      259.672     1037.848
     440.443        6.500      259.730     1037.848
     450.454        5.700      259.730     1037.848
     460.464        6.200      259.855     1037.848
     470.475       12.800      260.754     1038.848
     480.486        7.800      260.754     1038.848
     490.497        5.800      260.848     1038.848
     500.508        6.800      261.059     1038.848
     510.519        7.300      261.438     1039.348
     520.529       14.100      261.578     1039.348
     530.534        6.900      261.578     1039.348
     540.544        8.500      261.676     1039.348
     550.555        8.000      261.809     1039.848
     560.566       13.800      262.254     1039.848
     570.577        6.500      262.254     1039.848
     580.588        5.900      262.508     1039.848
     590.599        5.900      262.535     1039.848
     600.609        4.500      262.793     1040.348
     610.620        0.100      262.793     1040.348
     620.631        7.500      223.617     1032.848
     630.641       22.200      217.434     1024.848
     640.652       24.100      249.523     1028.848
     650.663       13.800      250.449     1029.848
     660.674       11.300      257.453     1037.348
     670.685       11.400      265.535     1044.848
     680.696        9.600      271.406     1050.848
     690.698       19.300      266.656     1044.348
     700.708       12.100      266.676     1044.348
     710.719       10.700      266.805     1044.348
     720.730       19.400      268.012     1045.848
     730.741       11.600      268.137     1045.848
     740.746        9.900      268.137     1045.848
     750.756       19.200      267.859     1045.348
     760.767       12.000      268.086     1045.348
     770.778       11.400      268.441     1045.848
     780.789       18.200      269.777     1047.348
     790.794       10.900      269.973     1047.348
     800.802        9.600      270.055     1047.348
     810.812       17.000      270.848     1048.848
     820.823       10.200      271.234     1048.848
     830.834        9.400      271.234     1048.848
     840.845       17.400      267.105     1044.348
     850.856       10.400      267.105     1044.348
     860.867       10.000      267.539     1045.348
     870.877       19.800      269.410     1046.848
     880.888       12.000      269.410     1046.848
     890.899       17.500      266.887     1043.848
     900.910       10.300      266.938     1043.848
     910.921        9.000      266.938     1043.848
     920.930       10.600      268.109     1045.348
     930.940       14.700      268.160     1045.348
     940.951       25.600      268.234     1045.348
     950.962       27.700      267.031     1043.848
     960.972       20.700      274.500     1053.348
     970.976       19.000      293.945     1071.848
     980.987       18.900      311.020     1089.348
     990.998       28.700      297.535     1074.348
    1001.009       21.000      297.793     1074.348
    1011.019       21.700      300.605     1077.348
    1021.030       27.400      300.566     1077.348
    1031.041       29.100      300.711     1077.348
    1041.052       21.100      300.812     1077.348
    1051.063       20.400      303.980     1080.848
    1061.074       29.000      306.230     1083.348
    1071.085       20.800      306.488     1083.348
    1081.095       18.800      306.781     1083.348
    1091.106       29.000      302.652     1079.348
    1101.117       21.800      302.883     1079.348
    1111.128       19.500      302.887     1079.348
    1121.139       26.900      305.379     1081.848
    1131.150       19.200      305.379     1081.848
    1141.160       16.600      305.527     1081.848
    1151.171       25.800      305.836     1082.348
    1161.182       21.800      305.910     1082.348
    1171.192       19.900      306.047     1082.348
    1181.203       18.000      307.941     1083.848
    1191.214       29.000      313.445     1090.848
    1201.225       21.400      313.754     1090.848
    1211.236       18.900      313.754     1090.848
    1221.247       28.100      295.832     1071.848
    1231.258       19.300      296.016     1071.848
    1241.268       18.000      299.270     1075.348
    1251.277       29.000      300.938     1076.348
    1261.288       11.500      301.008     1076.348
    1271.299        0.000      301.008     1076.348
    1281.308        0.000      301.008     1076.348
    1291.319        0.100      301.008     1076.348
    1301.330       16.000      218.457     1027.848
    1311.338       87.200      296.457     1074.848
    1321.346       58.200      303.016     1080.848
    1331.357       43.800      321.551     1100.348
    1341.367       39.300      375.270     1153.848
    1351.370       59.900      331.148     1109.348
    1361.380       43.200      377.590     1155.848
    1371.391       60.300      350.070     1127.848
    1381.402       45.200      375.301     1153.848
    1391.413       58.900      361.230     1137.848
    1401.424       41.800      367.402     1145.848
    1411.434       48.800      368.992     1146.348
    1421.444       39.400      369.668     1147.348
    1431.455       59.100      373.129     1150.848
    1441.460       48.100      374.020     1151.848
    1451.463       57.300      379.008     1156.848
    1461.474       47.500      379.242     1156.848
    1471.485       54.000      385.301     1161.848
    1481.496       46.900      386.098     1162.348
    1491.506       36.300      386.918     1163.348
    1501.516       52.200      380.531     1156.348
    1511.518       44.300      381.062     1156.848
    1521.528       54.600      380.996     1156.848
    1531.530       46.200      381.504     1157.348
    1541.540       55.400      376.844     1152.848
    1551.551       46.300      377.844     1153.848
    1561.561       51.400      374.578     1150.348
    1571.572       44.200      375.230     1150.848
    1581.583       38.800      375.629     1151.348
    1591.594       55.200      371.832     1148.348
    1601.605       43.900      372.309     1148.848
    1611.616       57.500      377.297     1154.848
    1621.627       46.300      377.895     1155.348
    1631.637        4.900      377.895     1155.348
    1641.642        2.800      350.590     1155.348
    1651.653       27.400      374.312     1155.848
    1661.664        0.000      374.312     1155.848
    1671.674       23.100      358.789     1155.848
    1681.685       83.500      370.199     1146.348
    1691.696      102.200      390.188     1167.848
    1701.706      102.200      380.809     1156.848
    1711.713       98.200      381.738     1157.848
    1721.722       87.900      409.328     1186.348
    1731.732       90.500      404.328     1180.348
    1741.743      101.300      406.266     1183.848
    1751.754       89.900      417.984     1194.848
    1761.762       88.400      412.164     1188.848
    1771.770       76.700      413.523     1190.348
    1781.780      106.800      422.176     1199.348
    1791.790       98.500      421.062     1197.348
    1801.800       84.400      418.785     1195.348
    1811.811       85.700      420.461     1196.348
    1821.822       99.100      423.246     1198.848
    1831.833       99.400      419.855     1196.348
    1841.842       88.800      423.477     1199.848
    1851.850       91.100      421.836     1198.348
    1861.860       83.900      422.977     1198.848
    1871.871       96.900      419.223     1195.348
    1881.882       95.300      419.535     1195.348
    1891.892       87.300      421.520     1197.848
    1901.903       88.800      422.992     1198.848
    1911.914      100.600      420.574     1196.348
    1921.922       94.000      420.621     1196.848
    1931.932       89.300      416.258     1192.348
    1941.943       80.800      417.645     1194.348
    1951.954      102.800      418.133     1194.848
    1961.965       99.400      419.902     1196.348
    1971.974       87.200      416.883     1192.848
    1981.982       84.400      418.691     1194.848
    1991.990       92.400      418.703     1194.848
    2002.001       98.700      420.695     1196.848
    2012.009       86.800      420.297     1196.348
    2022.020       38.900      420.297     1196.348
    2032.031        0.000      420.297     1196.348
    2042.042       22.200      402.715     1196.348
    2052.053       34.900      418.680     1196.848
    2062.064       30.500      421.121     1196.848
    2072.074      118.800      418.797     1195.848
    2082.082      138.400      456.711     1233.598
    2092.092      149.700      484.605     1261.098
    2102.102      124.300      582.867     1360.598
    2112.112      151.700      534.453     1310.098
    2122.122      125.000      608.082     1385.598
    2132.130      135.000      616.121     1391.598
    2142.138      140.300      663.324     1440.211
    2152.146      139.100      663.785     1439.848
    2162.154      141.000      718.211     1493.719
    2172.164      122.700      719.949     1495.223
    2182.174      140.900      740.039     1516.086
    2192.184      144.300      768.844     1545.086
    2202.195      120.500      771.008     1546.586
    2212.206      145.400      787.984     1564.289
    2222.216      142.500      852.777     1629.473
    2232.225      119.900      854.898     1630.609
    2242.234      148.500      866.125     1642.609
    2252.242      121.100      883.309     1659.871
    2262.252      148.000      934.039     1710.098
    2272.263      120.000      973.953     1751.355
    2282.274      149.400      999.637     1776.285
    2292.284      121.300     1014.715     1792.355
    2302.296      147.000     1057.605     1833.910
    2312.306      120.000     1059.797     1835.844
    2322.317      149.600     1086.000     1862.891
    2332.328      122.800     1087.441     1863.391
    2342.338      152.300     1112.645     1889.391
    2352.348      122.400     1114.590     1890.391
    2362.360      154.800     1141.891     1918.465
    2372.370      120.200     1145.082     1920.883
    2382.378      156.300     1161.613     1938.277
    2392.388      119.600     1165.090     1940.777
    2402.397      156.700     1180.082     1956.277
    2412.408      121.600     1183.336     1959.039
    2422.418      161.100     1206.457     1982.277
    2432.426      121.200     1211.477     1988.777
    2442.436      160.800     1244.477     2020.520
    2452.447      158.600     1242.449     2018.059
    2462.458      118.100     1242.965     2018.559
    2472.469      153.100     1238.875     2014.320
    2482.478      118.100     1242.371     2017.957
    2492.488       71.700     1247.367     2024.289
    2502.498       34.500     1250.156     2026.078
    2512.502        0.100     1250.156     2026.078
    2522.510       10.600     1230.543     2026.078
    2532.518       15.600     1242.887     2026.578
    2542.526       33.700     1251.012     2026.578
    2552.534       37.300     1251.910     2027.578
    2562.544       15.700     1252.605     2028.078
    2572.546        0.100     1252.605     2028.078
    2582.556       26.500      550.883     1351.918
    2592.563        0.500      550.883     1351.918
    2602.574       21.600      551.242     1351.918
    2612.584        8.600      558.930     1351.918
    2622.586        4.600      545.000     1351.918
    2632.596        0.100      545.000     1351.918
    2642.606       15.400      550.113     1351.918
    2652.616       44.400      360.230     1144.906
    2662.625       28.200      369.016     1146.406
    2672.633        1.400      369.172     1146.406
    2682.642       12.100      347.711     1146.406
    2692.652        8.300      352.754     1146.406
    2702.663        1.000      356.090     1146.406
    2712.666       20.900      346.020     1146.406
    2722.676        2.500      338.391     1146.906
    2732.687       83.900      441.723     1219.918
    2742.698      144.100      582.887     1360.906
    2752.706      144.100      656.105     1432.543
    2762.716      130.300      831.996     1609.305
    2772.725      140.800      892.953     1671.168
    2782.736      124.500     1114.438     1892.168
    2792.746      163.500     1119.828     1895.680
    2802.756      164.300     1249.168     2025.680
    2812.766      120.300     1252.961     2028.691
    2822.774      168.400     1326.797     2102.430
    2832.782      184.500     1393.535     2170.930
    2842.792      180.600     1459.668     2237.930
    2852.803      246.700     1500.395     2281.430
    2862.814      224.900     1504.820     2313.430
    2872.822      324.100     1508.957     2317.930
