71   0.626558
107   0.491163
143   0.604565
179   0.615163
215   0.591599
251   0.566489
287   0.444651
323   0.55748
359   0.575546
395   0.523535
431   0.567095
467   0.584269
503   0.568014
539   0.551773
575   0.441312
611   0.598186
647   0.551772
683   0.464902
719   0.54254
755   0.52278
791   0.493255
827   0.57987
863   0.548978
899   0.533133
935   0.514334
971   0.566943
1007   0.483144
1043   0.474827
1079   0.530932
1115   0.544213
1151   0.519353
1187   0.555265
1223   0.541823
1259   0.488884
1295   0.518152
1331   0.574497
1367   0.559538
1403   0.557892
1439   0.546807
1475   0.525289
1511   0.554005
1547   0.594192
1583   0.504212
1619   0.540071
1655   0.521891
1691   0.545331
1727   0.52539
1763   0.603099
1799   0.578136
1835   0.515702
1871   0.463465
1907   0.409428
1943   0.53817
1979   0.465453
2015   0.499719
2051   0.498575
2087   0.644701
2123   0.676211
2159   0.601323
2195   0.573624
2231   0.498703
2267   0.551275
2303   0.500105
2339   0.579253
2375   0.510772
2411   0.538268
2447   0.587754
2483   0.605589
2519   0.585384
2555   0.491589
2591   0.562222
2627   0.53829
2663   0.546629
2699   0.583725
2735   0.537356
2771   0.583378
2807   0.588847
2843   0.562047
2879   0.618951
2915   0.595937
2951   0.65514
2987   0.578039
3023   0.542266
3059   0.589552
3095   0.592756
3131   0.614305
3167   0.621695
3203   0.621468
3239   0.627111
3275   0.636426
3311   0.576222
3347   0.621858
3383   0.668133
3419   0.678388
3455   0.729268
3491   0.731874
3527   0.77996
3563   0.757345
3599   0.792432
3635   0.763717
3671   0.743152
3707   0.756373
3743   0.789862
3779   0.728743
3815   0.756749
3851   0.787859
