   35   0.79
   71   0.670667
   107   0.618909
   143   0.635
   179   0.615714
   215   0.547238
   251   0.627905
   287   0.6545
   323   0.643444
   359   0.611619
   395   0.512
   431   0.536077
   467   0.592571
   503   0.54719
   539   0.670556
   575   0.680788
   611   0.571556
   647   0.559944
   683   0.623654
   719   0.635762
   755   0.58019
   791   0.5515
   827   0.499381
   863   0.681333
   899   0.663
   935   0.703286
   971   0.564333
   1007   0.606333
   1043   0.651429
   1079   0.674576
   1115   0.627333
   1151   0.589167
   1187   0.61947
   1223   0.655333
   1259   0.620269
   1295   0.656
   1331   0.50981
   1367   0.605238
   1403   0.604732
   1439   0.585
   1475   0.555333
   1511   0.654476
   1547   0.681833
   1583   0.643
   1619   0.676667
   1655   0.679
   1691   0.656727
   1727   0.577111
   1763   0.60881
   1799   0.660778
   1835   0.697
   1871   0.637952
   1907   0.682092
   1943   0.692571
   1979   0.657
   2015   0.616222
   2051   0.558
   2087   0.544333
   2123   0.564111
   2159   0.596833
   2195   0.637833
   2231   0.670667
   2267   0.569
   2303   0.520667
   2339   0.566
   2375   0.624571
   2411   0.614222
   2447   0.614905
   2483   0.695
   2519   0.600833
   2555   0.558405
   2591   0.629143
   2627   0.633333
   2663   0.565111
   2699   0.641111
   2735   0.67855
   2771   0.691333
   2807   0.556905
   2843   0.604476
   2879   0.562333
   2915   0.643
   2951   0.645333
   2987   0.647
   3023   0.655092
   3059   0.640061
   3095   0.681048
   3131   0.626333
   3167   0.70646
   3203   0.708317
   3239   0.611111
   3275   0.552524
   3311   0.586667
   3347   0.518333
   3383   0.577976
   3419   0.599238
   3455   0.593905
   3491   0.641405
   3527   0.59881
   3563   0.551667
   3599   0.551846
   3635   0.666571
   3671   0.559744
   3707   0.629
   3743   0.614
   3779   0.592095
   3815   0.641
   3851   0.611333
   3887   0.551
   3923   0.604
   3959   0.591333
   3995   0.616
   4031   0.59
   4067   0.722333
   4103   0.696762
   4139   0.650601
   4175   0.670571
   4211   0.684167
   4247   0.652
   4283   0.687429
   4319   0.692273
   4355   0.694929
   4391   0.672889
   4427   0.581662
   4463   0.600333
   4499   0.536758
   4535   0.657714
   4571   0.673857
   4607   0.632476
   4643   0.694
   4679   0.709
   4715   0.675
   4751   0.64381
   4787   0.624381
   4823   0.615333
   4859   0.632333
   4895   0.699333
   4931   0.721
   4967   0.658381
   5003   0.641714
   5039   0.617143
   5075   0.597595
   5111   0.654087
   5147   0.646
   5183   0.663
   5219   0.616
   5255   0.648786
   5291   0.582429
   5327   0.570333
   5363   0.551
   5399   0.52055
   5435   0.627111
   5471   0.696333
   5507   0.675952
